22
500
577
288
672
222
661
215
823
271
271
579
409
103
879
345
741
880
481
278
479
653
885
638
351
610
519
115
946
369
878
898
978
231
298
584
181
237
335
994
879
177
9
641
693
213
307
643
183
823
799
54
81
544
908
856
823
177
399
699
602
774
200
260
835
462
499
418
994
387
310
635
643
756
181
114
606
203
792
381
322
144
414
643
902
963
273
195
619
209
349
791
649
598
942
944
221
929
901
666
844
189
950
816
726
931
114
707
985
429
684
235
89
878
489
368
346
573
97
634
210
776
165
517
613
740
836
465
109
163
822
349
614
695
28
323
324
514
113
127
594
120
897
305
624
580
461
154
920
423
496
963
509
576
130
208
824
797
406
988
1000
271
537
150
325
876
386
985
418
853
936
506
12
952
229
658
627
864
189
171
605
72
682
856
785
831
904
93
734
212
648
29
33
395
515
130
629
640
581
766
602
24
787
401
836
288
442
668
791
213
70
129
700
361
539
614
459
455
636
374
469
246
749
935
908
930
263
747
177
712
488
358
546
79
765
278
918
332
29
185
670
438
914
840
698
153
543
784
29
22
249
921
31
415
395
696
453
431
874
543
334
200
705
181
724
358
794
936
229
961
914
805
230
657
832
650
819
482
922
444
717
174
419
938
624
633
333
634
72
712
295
609
168
675
859
398
374
874
703
160
806
691
349
158
882
961
537
989
443
368
695
900
358
661
23
891
870
3
118
42
658
896
298
478
546
182
305
230
595
333
783
508
741
621
10
150
902
610
779
772
981
536
716
813
532
174
512
890
539
831
771
92
85
907
360
801
641
460
441
817
208
180
614
199
309
164
509
538
990
623
306
92
870
598
883
34
892
268
227
498
835
57
665
275
175
916
516
94
649
914
453
714
999
811
145
845
963
395
218
990
94
134
777
895
241
853
9
625
608
629
227
703
380
454
154
549
67
817
554
273
29
627
690
311
950
382
203
226
531
487
284
638
139
250
628
411
195
33
323
476
246
412
468
30
664
986
371
580
877
765
591
255
738
476
709
634
327
570
265
899
96
931
777
606
127
919
584
508
496
535
395
352
177
101
331
858
987
704
296
349
769
44
983
51
444
640
992
80
112
681
894
515
495
676
907
897
280
713
360
796
180
779