31
1000
88
922
789
556
929
609
300
331
367
505
51
17
688
131
580
78
665
551
304
911
989
679
353
323
330
709
739
521
961
472
599
597
186
354
986
281
2
413
600
792
378
891
177
94
525
725
966
627
29
307
635
678
699
394
912
966
505
684
997
884
206
850
329
68
661
876
95
795
74
872
926
242
163
793
732
592
46
311
398
806
957
412
782
851
746
863
610
992
456
721
253
38
353
213
628
67
686
421
95
836
422
951
225
828
661
830
598
667
608
653
729
746
195
766
583
858
55
577
211
356
587
800
495
419
6
975
163
54
871
57
398
777
881
477
262
835
974
872
221
579
830
924
530
227
220
501
897
831
325
556
473
743
830
597
183
135
714
779
460
391
53
548
752
479
391
607
177
459
392
985
964
620
92
590
806
262
244
653
600
846
625
405
173
428
837
331
274
198
856
654
473
149
564
481
545
496
453
759
381
382
848
174
151
386
223
289
65
271
103
257
648
330
454
639
86
135
684
736
18
996
989
946
454
290
607
550
965
185
247
963
119
315
858
314
242
329
891
337
775
745
88
103
558
785
849
630
182
302
910
654
389
269
340
333
265
970
884
933
617
103
183
150
602
676
826
947
394
485
890
281
123
41
309
368
492
726
365
342
498
162
609
169
574
213
281
611
803
282
374
891
879
228
11
269
348
245
660
251
505
946
378
852
441
122
105
219
768
421
822
52
758
434
607
143
929
256
601
966
243
398
608
867
781
558
535
755
902
259
396
415
245
860
111
793
655
617
287
171
429
426
97
786
949
855
646
498
283
202
991
924
435
105
456
635
910
39
462
356
15
706
966
74
265
655
164
241
447
881
324
579
535
393
545
399
604
456
296
159
470
47
336
64
824
503
392
469
894
413
164
780
953
405
142
370
689
719
421
242
622
543
461
848
58
678
434
428
902
159
578
626
984
108
679
287
422
38
805
902
273
394
342
640
153
545
271
201
553
489
951
407
959
423
724
350
250
94
473
583
792
856
728
183
555
339
176
683
640
335
691
266
828
988
879
810
834
873
79
620
757
231
221
564
79
804
686
473
380
531
922
899
862
192
846
410
37
97
784
658
3
144
478
52
705
102
788
793
426
458
776
847
322
110
484
454
42
378
239
676
827
490
704
460
636
162
48
86
737
850
338
656
490
317
426
121
6
979
992
654
418
471
368
350
915
242
886
296
67
838
67
732
138
351
143
95
285
947
666
272
292
331
907
783
578
833
987
429
166
361
15
399
33
117
729
84
459
160
994
574
879
844
230
917
911
510
531
207
45
687
783
92
584
286
942
453
559
801
373
84
445
515
694
679
553
823
880
390
296
546
906
988
226
935
939
35
390
484
561
600
50
897
173
29
667
433
407
861
853
216
564
554
919
221
440
394
583
986
921
272
901
510
914
919
671
227
24
154
553
283
869
606
990
534
974
761
727
134
891
131
599
755
467
682
521
883
994
709
862
161
680
758
567
534
870
410
563
533
992
117
613
184
162
22
14
697
16
386
298
746
214
356
298
142
744
450
581
872
23
123
467
625
505
108
232
728
443
962
329
249
206
361
831
992
628
955
509
574
989
533
511
746
258
187
321
732
613
60
537
706
507
368
458
973
175
453
38
878
677
601
839
34
295
322
330
989
871
817
656
674
562
525
650
169
541
492
177
81
567
365
616
932
915
136
966
90
720
822
324
270
143
301
551
669
336
684
402
460
720
117
867
873
179
240
160
962
931
860
702
26
755
504
206
906
274
800
28
916
775
115
293
10
101
785
213
573
195
682
107
994
83
42
753
414
780
728
779
931
175
942
187
395
227
458
799
96
389
315
152
6
479
1000
295
712
787
34
982
815
653
433
953
721
507
252
631
542
929
122
545
774
341
574
253
935
972
592
503
402
783
301
205
932
398
56
190
330
174
658
102
414
810
373
520
343
140
647
849
605
622
954
973
721
770
736
952
930
682
516
707
764
252
67
704
491
622
657
500
414
562
847
177
727
734
538
629
14
915
160
946
397
967
164
995
663
233
417
151
273
673
650
677
490
145
159
885
103
68
333
303
863
826
773
2
253
749
28
338
332
795
466
751
965
968
171
543
123
606
132
783
520
4
752
947
464
249
808
695
651
732
232
193
689
202
214
934
861
18
774
253
52
880
721
548
527
52
932
69
491
750
349
332
218
809
80
464
778
1
999
883
180
658
656
696
935
839
1000
520
267
491
253
841
961
463
570
236
159
945
411
881
322
309
808
761
460
58
591
120
245
4
282
285
493