22
500
506
930
647
114
855
343
894
480
733
213
587
434
783
119
848
711
745
406
738
353
76
826
347
141
885
659
787
736
184
180
385
13
622
335
955
276
256
827
760
420
327
65
638
257
778
263
910
849
691
515
264
312
982
554
267
651
599
713
133
217
575
327
220
374
387
734
607
865
129
494
172
469
735
154
590
181
770
670
634
808
208
365
910
933
266
514
23
128
850
412
278
441
421
893
551
14
436
395
301
311
333
133
341
15
929
90
341
434
994
946
617
490
643
72
682
228
332
95
883
231
544
242
666
404
20
992
734
217
47
748
507
32
57
243
1000
253
889
910
769
252
591
367
326
953
786
312
311
481
30
430
98
469
726
933
539
255
763
326
318
908
494
931
780
154
664
804
976
891
243
513
293
752
83
863
326
777
567
48
433
408
735
467
185
573
33
514
294
756
763
26
787
939
159
862
836
807
398
332
458
471
282
369
69
904
109
232
469
255
663
501
356
525
880
944
267
700
11
181
664
416
426
681
409
473
476
743
776
613
752
360
346
714
628
472
21
33
439
149
622
422
671
603
613
380
735
763
309
205
185
394
4
807
804
853
547
179
506
850
114
639
321
962
812
850
804
979
554
191
365
410
14
163
993
862
694
993
511
199
931
429
815
612
934
382
876
204
134
460
125
709
152
72
805
713
779
891
165
390
694
983
859
684
353
321
434
657
205
384
533
920
649
592
233
977
154
719
390
218
13
441
57
74
724
246
329
862
428
304
148
461
383
803
502
430
674
125
374
185
269
30
620
443
106
329
154
499
188
495
455
473
278
453
362
534
68
852
241
583
506
646
349
851
80
472
946
276
558
323
480
946
2
165
601
91
267
820
456
551
136
475
746
343
290
461
764
509
123
325
416
511
370
456
149
21
165
507
737
82
777
630
766
824
816
186
503
452
711
446
574
48
707
461
283
415
648
692
898
51
62
719
282
346
536
243
294
863
770
150
921
293
958
131
475
119
211
265
690
578
595
667
367
340
480
34
895
637
122
671
994
267
87
925
163
981
199
786
549
5
347
271
814
624
386
509
906
706
511
583
399
330
603
558
256
493
58
839
769
710
893
289
118
83
979
667
528
867
84
234
837
371
668
256
499
559
409
360
1
262
441
478