31
1000
574
561
389
419
670
970
615
990
875
281
877
361
516
664
753
750
915
10
511
513
461
83
598
50
573
223
512
159
477
328
635
950
354
521
715
112
330
159
814
569
765
56
228
500
565
43
9
484
892
919
337
677
449
384
983
568
222
35
193
997
680
459
547
787
700
916
94
339
603
357
893
299
713
555
108
998
832
8
6
296
148
338
297
288
323
727
296
454
267
943
373
603
527
994
904
776
352
520
105
591
716
391
606
238
949
87
729
930
304
338
18
447
385
127
164
805
504
581
854
791
634
324
648
366
814
232
872
282
57
423
864
232
25
665
326
326
371
808
888
267
530
381
217
565
941
473
861
466
315
861
333
624
525
281
895
240
240
625
997
188
181
118
336
330
119
560
552
200
73
569
307
791
177
853
553
29
29
758
87
122
72
187
144
748
153
656
572
110
761
105
363
403
967
121
715
536
281
519
786
952
513
855
592
985
810
207
43
643
605
464
409
857
260
500
436
784
922
271
829
732
662
525
608
394
170
275
263
616
84
834
5
841
512
598
298
261
720
374
966
252
689
851
684
515
635
931
924
167
44
127
709
159
370
936
309
990
940
897
94
301
451
118
288
912
66
770
781
447
343
78
860
588
85
269
741
356
711
812
518
422
483
791
216
521
569
911
545
843
359
303
590
739
203
766
677
376
811
279
533
138
364
171
834
230
789
873
505
976
55
867
884
297
275
906
722
519
464
588
462
932
536
233
2
454
254
758
897
13
959
104
870
204
586
2
172
39
684
282
10
651
20
373
290
939
768
995
639
510
947
413
425
29
523
659
623
122
115
506
487
765
698
570
292
24
437
174
701
994
208
109
174
705
524
501
798
416
998
943
732
536
364
5
366
131
613
320
319
691
571
687
556
913
303
377
604
826
706
27
170
268
76
70
152
838
563
743
313
149
632
754
339
131
969
257
224
513
519
165
816
22
197
472
308
944
660
417
705
646
908
934
918
944
387
448
692
238
883
760
578
982
588
992
58
945
558
436
188
981
648
870
396
925
522
41
354
451
251
830
87
848
720
74
967
379
794
369
655
949
691
251
379
54
140
908
348
856
366
290
909
792
131
95
705
373
384
142
691
673
618
715
114
860
913
675
806
152
989
659
891
376
388
476
865
17
838
547
285
250
229
975
984
504
820
172
266
698
106
988
347
660
763
325
190
470
596
678
90
420
129
115
462
689
244
631
736
460
556
833
722
677
576
280
409
657
534
400
747
720
333
198
973
592
435
320
471
451
844
733
485
43
888
876
266
781
263
705
123
379
875
282
181
252
162
320
948
542
911
312
353
812
812
377
886
218
526
336
114
221
213
998
780
168
791
92
85
896
216
285
759
633
727
161
796
498
640
179
68
188
673
432
310
592
420
87
50
189
416
488
121
657
476
429
98
759
1
229
666
791
939
919
183
971
180
868
585
357
93
429
846
478
450
116
560
857
488
110
972
878
605
373
562
883
588
980
12
5
684
604
462
52
437
612
184
388
142
637
58
792
829
891
845
121
252
295
986
844
428
449
489
385
585
763
256
855
938
385
470
782
51
741
947
540
433
855
926
593
385
937
98
934
197
864
502
656
500
542
808
19
661
973
757
265
592
742
423
338
769
647
676
941
993
243
351
212
419
628
365
917
656
251
117
461
360
712
541
240
230
333
222
267
670
100
483
323
413
186
43
206
181
819
265
118
276
668
76
190
464
287
352
573
761
25
200
336
507
216
949
116
678
40
184
841
940
125
720
10
318
146
937
608
827
736
657
254
422
34
720
392
275
69
676
765
967
517
453
83
553
571
227
457
696
122
699
759
554
281
544
130
277
707
852
453
606
442
298
985
421
802
726
228
545
889
732
143
789
356
466
538
574
917
195
298
8
937
473
443
620
453
998
376
184
617
735
935
875
109
958
394
515
432
858
328
973
999
893
714
104
2
210
129
607
346
889
28
833
615
80
103
823
222
871
592
953
576
792
155
5
221
42
638
461
167
497
278
388
644
507
544
932
19
105
932
415
607
144
547
169
97
75
113
742
599
87
685
805
707
186
886
640
623
953
96
831
588
397
740
784
330
129
701
198
554
123
143
459
583
732
162
266
474
678
260
654
165
929
620
952
279
234
610
825
406
56
469
525
147
628
525
520
175
908
278
920
164
756
494
350
358
187
45
530
304
357
163
338
427
642
296
758
776
74
13
11
255
515
456
219
824
785
156
421
903
384
823
31
365
137
437
564
929
63
705
259
933
324
972
422
45
341
510