22
500
526
94
233
796
410
811
396
179
291
202
344
912
604
93
138
174
54
385
853
283
496
498
540
902
325
487
383
535
419
320
288
230
379
700
161
339
706
751
75
781
307
616
461
638
198
288
544
67
201
726
763
82
114
296
967
340
990
652
417
345
825
317
567
475
82
305
409
835
50
111
766
96
954
318
88
990
158
720
61
602
233
101
474
100
878
636
318
429
536
132
641
928
991
441
79
117
960
275
317
960
791
8
151
817
619
401
779
796
991
433
654
888
945
642
512
325
376
354
574
526
751
515
69
734
880
537
502
64
959
100
330
702
228
197
403
579
68
109
484
428
725
336
374
264
980
585
96
489
901
455
795
67
646
413
823
41
760
160
166
631
851
745
59
169
302
650
373
291
903
309
918
386
925
224
682
783
991
13
783
724
920
270
976
207
746
117
685
59
812
450
563
646
98
134
724
86
776
699
282
596
794
734
909
914
226
477
710
800
783
955
279
778
998
579
130
326
120
881
555
458
984
291
538
522
663
662
385
55
878
405
118
115
519
404
853
528
32
268
126
336
22
711
78
656
338
274
596
110
722
475
843
889
879
952
327
415
677
966
790
569
381
675
68
635
259
187
194
704
100
959
109
195
65
221
855
392
832
504
860
304
781
431
898
403
245
363
637
408
930
658
239
952
376
258
665
785
634
471
145
774
42
260
392
908
460
976
262
567
861
432
483
298
437
27
653
342
606
587
930
138
256
318
545
417
419
356
777
729
112
915
117
503
365
751
186
495
971
141
207
177
116
478
496
376
238
425
543
645
215
393
975
32
773
454
302
334
35
951
143
918
521
501
57
165
841
202
232
401
1
328
638
891
234
159
357
789
724
382
523
395
836
315
379
639
939
477
132
156
164
38
112
572
97
175
611
789
58
235
790
22
228
245
927
959
818
366
503
510
275
646
840
846
919
348
728
386
463
833
766
552
208
334
384
584
708
389
646
475
429
933
455
337
999
744
831
570
313
63
49
206
751
973
943
801
727
656
131
318
517
140
752
244
734
953
546
134
837
533
87
116
70
205
808
318
813
108
680
689
338
238
313
786
43
598
573
704
781
804
479
206
961
770
654
958
55
741
155
561
338
305
816
26
208
877
885
498
459
798
576
558