22
500
926
594
674
68
739
34
910
320
68
626
179
645
185
757
218
894
127
608
526
905
189
788
98
549
881
730
407
470
922
629
645
331
393
576
445
345
185
112
162
624
880
860
850
531
873
922
788
565
560
131
592
511
537
942
173
790
5
971
67
833
170
285
654
632
565
546
787
216
191
127
522
827
913
724
368
540
814
840
176
328
796
213
438
856
837
299
816
651
952
715
945
184
903
25
826
25
830
277
599
932
591
979
788
875
428
118
938
819
682
827
90
961
630
529
29
264
135
879
414
488
31
558
236
416
135
310
471
260
54
788
742
369
670
520
891
741
172
228
356
717
954
225
423
518
674
612
305
852
233
878
467
385
997
449
497
317
781
365
584
868
180
115
460
621
121
113
875
406
965
836
57
965
58
980
505
929
189
913
317
368
896
883
779
362
999
663
700
18
748
917
81
324
217
886
692
777
874
908
640
448
28
121
983
920
510
625
22
528
10
940
478
487
664
491
274
231
232
308
608
891
697
993
118
906
443
474
763
492
294
67
647
217
612
800
983
977
210
428
17
230
46
529
320
741
221
538
332
108
220
957
778
941
393
820
268
360
478
842
380
488
480
234
682
603
138
339
936
453
313
897
502
558
36
837
718
15
859
732
862
165
400
28
950
572
486
563
117
868
188
138
421
89
990
719
703
580
393
336
972
639
969
443
993
462
361
227
629
969
733
140
651
262
495
192
103
387
77
850
671
97
668
575
839
52
611
868
385
455
662
619
303
508
220
583
926
785
168
655
585
30
849
840
231
243
974
754
978
311
410
28
357
675
567
348
497
524
667
910
636
647
196
30
814
703
944
57
481
123
661
821
701
427
962
770
486
464
704
352
315
907
809
623
3
997
379
549
813
494
969
169
228
258
799
311
485
237
839
725
287
631
893
114
798
915
803
990
532
153
858
701
965
204
526
757
197
733
724
766
856
366
298
577
149
435
403
289
808
362
47
734
643
275
827
913
384
307
449
442
822
243
439
645
613
125
644
299
247
790
61
84
333
191
531
490
556
661
462
704
570
905
690
226
161
378
500
743
398
454
249
32
926
328
467
140
183
75
897
452
358
36
282
10
130
565
590
39
555
606
329
233
928
671
877
195
333
968
98
374
117
217