22
500
95
979
983
946
861
191
906
36
936
739
84
141
234
209
201
365
888
481
512
495
46
904
750
542
528
890
948
154
547
82
426
618
190
219
86
948
888
175
925
928
535
212
909
835
2
135
965
278
724
176
145
790
518
965
917
847
423
954
197
922
618
966
1000
94
356
114
495
546
929
314
437
440
187
654
380
646
901
330
993
94
306
352
78
101
149
272
955
768
660
422
759
114
646
217
688
954
238
740
125
929
340
501
533
826
366
251
486
138
760
613
419
535
477
78
83
181
984
180
642
395
924
359
558
333
644
399
464
754
863
550
85
661
884
372
177
921
615
930
55
301
381
518
822
503
681
725
579
109
59
726
575
662
666
627
94
943
630
3
4
258
124
371
99
857
671
467
341
384
199
708
546
520
393
991
879
688
363
617
883
470
794
91
319
756
106
333
114
205
225
426
998
246
688
271
898
625
911
989
749
565
620
751
996
634
512
581
600
696
318
118
559
975
769
644
613
608
801
169
446
451
977
224
139
810
56
31
943
114
65
896
181
898
634
110
88
37
806
796
358
305
143
633
786
169
203
296
757
704
10
540
888
68
194
697
280
114
214
661
886
64
161
526
978
285
891
861
771
757
895
312
558
313
561
637
369
395
766
753
219
143
985
937
306
580
383
624
376
106
625
464
290
150
964
268
270
113
806
177
961
183
686
876
387
218
864
862
872
383
309
213
715
952
467
980
561
425
438
755
607
766
450
553
872
705
148
469
951
442
604
84
366
454
809
61
569
306
809
33
282
793
595
374
754
193
580
650
528
820
961
148
113
122
287
446
812
172
437
974
16
947
571
685
933
567
818
487
548
996
863
344
860
398
941
232
410
901
806
589
884
155
326
384
778
211
972
298
529
236
397
556
757
674
703
885
123
790
807
582
616
812
151
682
162
202
680
89
161
696
607
83
921
298
887
570
574
747
52
609
124
628
479
785
571
842
603
242
563
86
898
477
234
565
620
504
247
968
126
795
706
62
763
624
490
829
98
808
194
575
411
991
561
129
79
633
20
463
571
543
659
203
920
721
533
693
739
304
176
516
356
515
441
235
413
94
796
550
425
860
649
107
486
177
715
726
200
626
758
717
804
568
100
474
429
551
716
271
175
732
169
835