22
500
440
722
832
824
81
231
883
619
817
454
382
406
411
19
794
646
221
498
811
526
675
72
420
22
266
254
390
671
229
952
162
642
184
500
473
888
119
182
459
388
785
368
628
181
575
951
624
992
771
841
711
98
670
594
681
634
626
773
478
829
345
567
402
443
240
704
476
799
4
819
810
965
223
189
795
923
951
906
64
778
108
635
864
734
939
363
622
192
683
377
817
21
147
904
880
863
23
289
920
289
989
434
235
296
408
232
87
117
384
960
248
688
484
908
163
462
78
585
936
538
457
948
258
842
273
180
511
856
174
659
327
377
887
487
82
547
487
69
923
607
239
149
67
341
952
288
963
895
954
678
202
462
470
148
710
961
197
266
83
484
371
691
285
132
396
581
820
736
673
449
547
852
902
341
901
655
907
140
149
580
541
559
912
846
441
44
65
349
404
805
920
461
130
788
648
717
833
322
163
397
353
39
93
112
26
203
146
505
482
51
581
794
225
119
686
936
443
737
382
283
218
776
794
857
414
794
450
329
658
984
437
253
947
203
219
256
975
628
958
39
16
977
582
893
724
900
760
887
90
965
450
654
907
704
77
418
307
49
768
235
586
716
637
155
444
137
42
144
9
68
574
941
377
203
685
216
840
440
962
950
650
822
232
939
987
761
974
342
317
542
405
592
207
665
895
973
623
670
157
875
196
327
308
103
474
715
358
960
50
120
185
355
821
744
526
181
150
462
512
839
617
908
110
419
884
989
535
454
16
141
785
726
892
448
190
194
910
416
524
376
582
792
63
537
994
845
446
393
208
261
150
219
507
583
919
705
812
914
825
209
852
114
714
948
4
932
159
520
778
723
532
165
152
195
970
700
266
651
348
746
28
672
798
693
406
692
195
910
661
853
969
324
383
169
883
497
882
879
307
422
945
554
914
82
716
223
917
207
363
813
653
701
176
412
260
992
70
141
575
357
121
626
612
618
955
711
489
627
520
869
630
568
127
696
537
683
174
742
604
656
89
463
269
926
910
308
978
786
912
161
366
26
581
564
229
759
950
967
840
867
508
122
229
762
217
553
902
102
274
901
252
594
191
374
216
984
3
278
861
238
855
633
670
882
118
136
104
511
980
413
195
120
232
337
554
545
635
289
476
548