31
1000
691
528
167
345
65
341
145
95
28
780
754
551
167
635
617
137
366
507
177
294
304
926
839
779
825
815
923
543
991
749
585
796
847
194
283
409
756
912
413
328
643
523
100
547
589
658
371
330
490
502
716
7
582
301
544
323
835
16
75
137
19
312
575
440
896
8
299
38
371
620
103
87
5
55
735
797
101
794
25
66
198
280
693
744
827
78
265
690
706
640
422
707
275
287
890
252
516
902
35
612
514
36
492
87
990
68
687
977
321
199
199
28
501
692
617
412
466
269
935
604
506
795
328
362
50
180
183
37
397
536
799
727
950
276
928
349
130
717
48
75
87
630
465
412
173
997
434
319
16
871
725
510
223
444
261
968
300
917
570
502
760
922
499
139
282
496
38
956
900
471
799
575
603
442
898
768
593
40
62
894
680
263
817
796
677
592
922
59
6
525
223
228
761
255
475
420
219
77
59
369
594
214
518
201
936
719
567
657
940
601
392
419
870
521
989
465
519
987
410
701
267
177
865
187
212
708
892
654
388
854
547
799
543
582
883
765
810
386
796
550
484
27
700
387
639
82
901
913
611
968
792
356
704
884
605
230
253
189
273
181
554
575
449
11
702
907
105
151
22
406
956
304
619
339
999
626
326
557
478
449
963
893
938
514
592
418
262
426
96
358
525
45
680
572
971
552
52
688
620
939
95
247
556
646
838
206
435
396
600
142
644
917
764
828
747
693
79
775
442
786
905
667
534
955
930
546
34
227
174
26
200
461
42
786
335
346
209
205
398
797
880
105
91
416
787
810
720
135
770
512
338
474
451
895
352
1
149
268
61
167
766
581
17
665
586
601
362
816
192
799
851
74
99
755
638
662
298
739
203
54
628
271
109
351
316
471
717
780
236
695
470
809
641
901
892
187
323
178
193
341
799
991
373
357
195
615
218
613
230
946
570
693
321
3
101
125
454
231
954
384
875
461
497
693
883
701
787
455
162
497
87
844
202
752
603
899
303
361
618
430
795
517
311
167
278
901
519
767
310
258
420
386
623
268
20
870
720
146
788
185
346
232
770
410
685
439
558
968
848
910
36
440
245
54
176
130
663
987
542
370
705
278
862
988
68
759
705
856
44
264
970
910
183
533
707
635
692
208
19
881
276
449
737
700
599
74
112
969
655
280
415
377
857
717
332
635
109
995
228
176
274
11
161
952
342
163
937
730
162
534
15
768
815
438
648
161
111
84
68
720
170
440
862
441
187
380
770
380
126
194
43
394
704
231
894
844
91
391
350
868
725
735
20
59
212
793
635
321
528
882
838
570
716
8
415
118
603
271
732
945
99
114
280
513
481
743
891
671
289
203
287
756
471
533
496
44
335
151
607
288
373
702
660
837
98
867
253
890
620
305
383
72
321
711
967
682
888
312
454
963
844
197
775
974
885
981
134
289
165
907
887
939
564
533
832
604
904
661
828
868
564
360
205
499
60
547
437
728
802
758
25
581
217
497
891
192
708
371
386
996
577
281
880
117
279
467
456
763
601
266
890
862
246
798
404
64
222
140
638
832
796
765
10
626
923
825
7
971
62
666
297
107
703
214
366
51
395
83
199
662
601
975
585
604
189
560
79
601
270
101
342
973
880
832
716
204
550
75
862
333
648
815
429
352
28
44
492
289
892
819
161
985
932
143
485
291
815
449
554
372
309
867
200
388
27
572
252
473
423
322
229
850
310
118
748
801
579
561
48
18
46
549
786
112
400
902
468
39
278
207
609
364
665
761
161
984
89
501
548
827
777
339
936
326
779
755
17
545
689
537
371
498
949
30
519
303
238
57
272
651
680
372
441
692
518
514
269
118
310
711
98
480
233
552
2
643
517
146
896
43
257
926
252
878
533
554
547
66
796
322
622
540
111
877
244
122
71
365
823
33
254
966
592
666
370
503
264
920
359
230
221
149
880
670
813
826
554
180
193
181
933
104
969
437
424
894
48
273
680
899
388
366
604
157
444
111
64
44
630
991
332
285
796
490
241
452
330
841
319
465
567
428
982
388
854
890
247
243
224
765
213
482
343
848
622
129
265
66
576
497
415
852
210
488
313
942
608
541
801
736
914
117
672
972
778
292
184
977
424
815
80
937
595
189
341
132
358
678
3
142
341
100
200
676
707
254
841
292
890
572
676
34
389
924
849
631
605
483
77
203
183
671
484
563
838
913
418
278
754
272
559
537
164
696
341
891
12
842
383
162
610
189
351
116
694
370
492
274
212
197
727
391
895
871
680
782
593
976
138
193