31
1000
547
346
759
905
939
868
557
310
852
63
159
991
406
932
792
395
454
417
148
104
122
571
356
146
866
686
48
882
903
871
712
562
995
713
598
844
972
955
619
282
926
475
245
409
548
588
249
367
35
835
803
91
283
432
656
691
179
655
508
344
272
797
180
943
466
520
266
425
971
600
137
113
76
122
356
789
885
395
975
862
617
896
17
482
508
20
37
17
866
924
116
212
174
940
8
97
227
860
639
195
82
549
586
823
753
782
73
281
500
787
749
757
675
700
482
881
544
804
455
679
171
176
364
161
300
815
150
653
964
33
985
968
888
472
99
727
706
171
857
280
286
730
1000
671
47
99
698
36
20
579
236
610
786
200
392
995
126
443
611
94
167
747
228
507
238
300
456
165
932
615
71
182
270
763
756
57
911
17
806
936
698
485
238
293
907
424
804
638
761
370
50
665
881
661
461
783
618
669
412
46
1
420
110
199
281
234
244
446
576
393
520
975
225
142
233
133
369
236
164
709
872
754
529
418
623
189
47
274
328
208
460
974
806
895
660
615
402
964
61
331
759
520
814
62
658
787
18
685
970
151
221
326
728
7
321
436
539
117
157
511
763
624
459
968
567
124
757
529
61
164
507
315
478
538
163
681
444
823
973
434
272
62
682
596
188
19
409
556
266
954
661
802
111
937
519
472
832
383
147
971
799
422
321
731
282
139
483
413
632
431
302
487
784
574
791
635
65
732
795
261
672
279
90
799
977
160
226
716
53
723
292
864
835
478
996
46
439
839
930
596
836
645
184
57
327
528
976
575
529
501
388
132
721
634
849
866
348
528
944
5
489
381
418
588
150
713
136
329
624
825
388
44
435
919
256
916
935
275
705
852
611
234
415
948
152
61
724
14
620
69
166
321
578
761
811
100
827
426
392
96
115
246
286
119
514
24
298
43
381
361
487
782
496
552
569
625
635
133
417
345
374
723
56
788
810
299
914
714
206
181
393
30
123
834
523
50
644
845
489
786
101
728
596
602
335
602
110
289
157
870
130
278
558
671
218
17
599
143
259
971
188
351
711
919
691
744
950
666
566
585
42
214
627
682
302
74
265
196
401
174
353
67
589
9
127
988
359
757
299
472
914
923
624
963
61
280
329
142
613
601
843
736
400
795
19
963
56
339
988
363
279
20
540
649
653
167
629
214
956
708
515
523
700
630
231
45
136
141
663
462
963
749
287
406
944
156
80
297
774
737
875
865
980
56
515
76
710
914
356
361
388
977
804
660
684
728
292
385
595
457
778
901
821
361
543
352
430
118
240
326
716
928
491
733
956
413
352
1000
837
863
737
722
964
424
64
503
389
190
459
140
59
393
110
343
845
504
86
777
990
268
381
447
174
469
895
160
602
320
496
49
156
770
240
116
712
534
500
343
877
466
473
633
76
344
247
919
345
176
257
485
995
459
101
968
409
666
60
775
114
4
679
970
81
927
683
699
172
566
691
82
759
289
329
932
794
659
417
435
948
300
834
504
1
326
746
813
727
556
477
463
538
854
889
961
159
874
897
564
547
957
939
986
160
967
368
858
440
453
48
53
129
495
1000
895
446
65
177
17
718
680
358
828
252
530
522
240
338
383
483
322
154
351
479
731
130
465
161
5
731
939
960
330
86
735
597
901
124
954
238
545
257
328
548
176
764
667
765
219
246
891
287
705
988
639
970
915
546
793
137
668
270
328
461
509
55
119
781
582
536
123
373
713
908
833
210
833
871
958
632
272
183
312
728
205
534
169
394
732
869
781
667
416
230
65
354
924
606
427
212
975
733
360
306
693
340
976
397
802
673
6
630
681
538
955
611
507
100
483
737
356
438
263
171
823
375
225
445
657
817
847
631
195
608
182
385
345
3
895
224
999
294
303
210
547
449
761
675
774
521
750
629
309
817
781
685
252
13
245
728
145
410
886
442
774
37
744
470
704
367
420
335
709
753
703
561
226
714
692
565
26
322
744
352
187
786
217
815
491
699
464
952
208
887
702
624
180
591
323
837
447
298
673
327
495
671
951
104
130
472
810
132
316
131
157
87
492
678
593
890
992
757
407
330
777
331
18
133
866
867
747
385
490
930
844
107
393
996
357
993
894
839
437
973
511
87
264
902
98
711
631
588
768
313
822
576
314
978
350
614
315
845
523
512
85
210
600
216
391
155
181
793
20
787
11
74
655
787
774
489
490
971
705
104
486
81
104
383
365
337
286
782
507
401
383
116
643
119
312
377
62
641
379
268
582
745
78
922
344
995
722
