22
500
33
335
618
868
230
288
87
470
46
85
876
391
860
917
391
325
781
448
387
871
452
172
450
479
500
719
390
450
226
559
236
107
509
813
685
600
419
144
451
397
329
454
820
932
278
869
294
767
381
464
567
564
573
637
984
406
470
979
214
804
986
177
300
723
766
833
448
599
252
627
520
535
351
14
257
525
233
657
292
293
268
448
534
645
979
874
282
227
756
519
388
125
798
343
397
456
513
838
470
364
653
659
107
23
314
568
334
334
449
163
861
11
431
91
913
879
540
231
4
584
99
88
702
366
816
22
91
728
248
384
332
924
746
189
649
675
817
480
873
170
434
281
621
141
793
861
423
638
186
975
938
715
574
728
662
822
189
354
666
213
818
371
14
290
495
805
853
253
317
42
987
942
600
828
945
287
822
251
730
277
370
343
448
103
593
965
768
262
168
175
295
973
832
76
407
155
792
743
523
19
133
43
715
189
887
115
907
101
163
751
358
240
953
683
659
71
505
914
289
453
879
241
685
954
848
566
652
338
536
310
551
824
922
525
147
379
475
57
617
507
763
168
33
381
161
783
773
65
674
260
333
965
13
995
88
898
838
381
121
68
165
887
437
624
458
975
847
645
872
809
830
909
491
471
581
173
615
647
188
160
382
46
128
10
830
170
620
264
173
950
57
13
225
510
218
558
480
634
557
631
977
496
662
943
950
826
350
502
439
934
867
152
107
572
893
633
269
802
997
23
553
507
273
495
234
511
384
40
481
84
823
908
412
858
221
709
136
324
2
636
140
721
566
284
21
274
217
454
183
967
343
957
911
459
853
705
98
910
45
41
688
176
385
193
339
290
928
643
70
609
866
66
508
516
250
962
159
709
263
292
329
228
950
685
90
887
560
661
358
806
244
221
626
874
489
497
499
102
49
406
492
845
629
541
586
539
961
581
765
56
524
583
365
919
519
979
742
213
199
896
106
412
521
200
946
231
425
545
328
328
870
944
940
517
757
777
297
369
409
569
356
783
308
972
136
370
349
626
96
351
438
653
962
956
760
22
932
546
525
421
103
189
538
742
564
700
479
840
631
748
173
82
367
295
587
455
142
34
604
336
491
612
176
912
674
410
93
283
997
847
443
479
593
217
785
541
240
983
159
921