22
500
77
302
954
397
955
719
982
721
480
70
644
835
672
452
504
421
216
381
296
297
874
15
254
303
276
246
515
609
548
652
281
647
434
62
533
558
962
537
759
452
484
635
887
927
986
439
726
763
981
480
70
282
964
622
271
141
667
854
135
137
364
636
805
213
940
188
483
368
500
367
621
215
922
392
714
236
12
69
14
722
641
307
889
693
476
531
264
558
605
281
134
644
254
747
294
663
135
926
408
397
390
355
38
327
535
553
169
670
899
564
973
559
680
708
21
590
349
680
517
342
952
473
290
198
46
707
728
799
439
174
920
331
683
787
939
832
613
2
64
329
258
8
38
853
78
733
239
393
700
540
993
376
439
83
417
163
305
842
838
12
135
921
784
188
152
370
907
309
889
78
716
689
686
19
6
473
550
699
433
58
388
608
433
665
581
123
494
719
683
988
533
24
445
139
746
909
512
357
512
106
215
266
703
970
114
827
577
734
326
10
57
636
585
834
744
484
40
324
277
518
959
883
785
679
508
232
700
291
376
303
335
852
659
738
943
424
227
732
386
393
968
997
410
638
448
708
811
46
266
308
947
596
465
53
437
895
159
187
249
929
163
660
252
335
616
378
503
439
764
800
294
885
90
938
400
9
548
869
246
290
600
581
650
422
437
589
662
585
915
41
181
698
93
304
874
942
4
901
139
932
73
69
217
231
238
675
79
922
649
190
909
373
118
812
440
846
809
352
39
115
749
102
52
4
27
544
838
245
42
993
743
369
959
270
567
594
489
476
780
293
708
445
723
803
408
229
624
193
150
256
341
721
127
206
99
321
792
766
371
146
173
168
879
323
241
951
179
971
863
203
969
694
641
173
853
159
914
291
173
603
314
867
588
566
438
829
781
287
305
921
766
918
539
727
160
766
443
405
849
718
852
187
524
945
890
986
230
165
800
547
830
217
856
765
400
903
438
838
5
545
529
930
595
472
622
841
301
543
194
59
119
558
548
999
720
562
62
849
851
290
622
593
612
797
453
880
324
271
619
566
169
306
988
295
605
449
99
84
905
416
162
29
255
783
51
116
825
126
830
157
256
106
504
441
396
716
932
666
629
323
360
745
988
280
599
923
178
896
878
90
98
870
109
711
373
582
589
118
579
151