31
1000
458
495
695
471
124
606
318
170
178
333
227
377
883
119
156
122
521
388
600
20
549
858
739
649
949
881
975
683
279
612
856
259
840
346
10
364
373
388
673
758
573
122
941
31
505
543
312
252
937
35
837
421
885
686
670
366
316
817
226
681
357
329
681
129
151
413
998
834
167
511
288
220
694
120
36
806
564
755
667
336
573
363
996
624
598
400
653
166
21
261
147
891
218
421
652
196
413
308
293
957
285
506
149
976
794
978
325
460
360
609
506
794
489
257
593
267
918
821
789
646
770
711
152
742
315
973
956
519
477
475
933
425
772
881
189
101
877
309
571
724
26
700
665
527
513
377
752
985
169
176
114
201
504
636
100
388
547
788
646
751
378
213
912
522
231
473
371
231
931
285
106
858
6
24
195
347
841
183
813
190
25
341
471
124
867
80
907
970
918
719
422
311
113
383
420
44
786
325
796
419
624
469
454
234
686
377
549
593
861
294
877
574
221
40
721
914
295
654
57
333
89
1000
271
532
495
301
621
843
514
73
236
301
64
315
731
720
153
492
714
910
193
915
402
165
630
54
348
280
248
571
226
527
775
405
494
890
894
18
53
371
411
913
39
328
375
833
589
336
160
844
112
445
600
482
690
575
698
866
883
538
185
484
587
373
173
345
230
260
475
740
233
272
311
314
112
609
225
876
457
117
345
325
680
507
176
359
176
912
893
376
83
459
560
530
742
436
398
737
76
854
386
493
518
662
700
15
276
755
633
296
210
253
767
52
193
107
635
422
960
901
553
165
736
279
495
252
937
886
247
688
740
941
663
602
926
825
342
716
46
507
85
416
492
779
575
980
109
794
295
506
391
240
661
708
109
283
724
836
951
617
859
18
898
893
93
991
767
709
872
573
83
844
103
273
411
788
4
897
489
779
806
448
583
174
866
89
679
659
377
808
508
168
518
67
385
257
218
639
36
246
622
751
831
635
540
336
291
250
851
448
264
763
869
172
646
779
926
832
201
986
811
178
21
550
653
392
238
974
273
351
154
953
573
61
357
420
385
118
264
762
279
11
920
997
816
242
598
683
45
470
64
533
918
94
364
665
507
987
124
207
453
843
179
576
312
196
794
730
224
858
527
144
100
616
714
934
651
645
885
339
842
174
40
295
191
122
527
131
533
755
568
208
12
31
124
560
532
990
682
897
878
502
826
256
95
875
725
930
778
338
582
133
713
940
853
141
680
736
176
66
46
193
270
727
248
399
930
853
940
449
448
398
799
872
503
782
99
782
539
884
537
245
718
462
110
669
258
994
581
269
381
865
194
283
218
517
462
862
296
236
596
632
257
277
766
954
241
231
373
599
601
768
315
146
655
771
734
260
884
475
676
477
617
876
6
300
135
161
914
658
770
751
425
768
937
513
521
680
300
29
960
593
618
555
118
317
759
70
829
549
934
635
376
740
153
542
581
112
186
501
744
189
860
604
446
763
331
174
339
824
701
173
808
513
619
33
228
929
880
372
390
556
653
447
572
645
663
677
884
524
366
349
436
731
530
749
775
703
620
753
191
908
478
339
882
682
368
965
867
795
664
194
293
686
5
274
222
502
112
260
158
987
280
446
762
858
185
600
217
448
416
990
795
594
541
660
553
8
892
844
181
55
562
434
815
774
410
969
304
177
329
71
351
601
124
923
158
476
275
999
48
808
346
880
945
779
876
74
114
727
501
337
455
377
946
274
479
848
695
248
408
386
437
626
628
114
53
321
580
70
454
736
799
69
839
524
798
718
673
123
272
3
20
217
133
749
117
389
1
89
160
466
744
791
744
225
960
987
1000
572
847
316
165
973
402
306
506
101
734
310
255
481
879
969
584
743
819
22
645
534
210
627
395
195
29
242
670
896
680
751
169
607
709
250
388
500
813
940
81
152
406
54
99
882
884
972
523
288
149
513
136
915
710
236
482
664
147
896
299
987
463
250
555
214
856
459
511
207
645
974
541
816
184
243
975
480
218
153
921
247
711
186
153
454
519
168
922
13
846
477
508
62
697
121
867
758
605
773
651
964
94
340
909
82
88
881
569
145
798
634
464
545
469
412
140
93
755
753
462
285
994
645
363
853
507
150
229
387
768
82
226
14
115
170
763
161
356
827
995
415
331
157
402
833
826
205
821
563
398
509
515
236
978
628
678
164
864
824
396
216
597
606
506
953
600
468
484
2
895
559
331
160
477
750
467
932
380
671
168
780
339
127
389
416
260
605
848
959
77
504
293
594
680
183
294
808
42
711
332
633