31
1000
892
994
347
980
263
538
941
53
855
394
328
260
777
321
215
215
727
686
483
105
213
422
847
15
358
120
759
252
972
909
997
204
490
691
1
461
360
472
709
641
107
75
130
904
918
222
827
579
417
976
636
475
836
719
30
480
80
386
514
629
818
172
287
593
53
765
90
433
203
235
793
904
255
15
140
680
418
258
720
778
561
973
913
546
647
639
332
886
372
73
206
621
649
478
597
124
335
142
713
555
372
978
917
455
209
25
576
280
106
97
571
179
994
826
335
586
563
876
388
446
799
776
880
479
279
236
418
802
613
464
106
577
471
510
727
537
11
175
316
773
929
647
24
79
562
666
528
703
651
689
979
660
254
189
602
95
349
844
411
511
459
40
521
630
97
308
1
707
930
627
674
817
468
121
554
285
427
115
298
925
404
130
893
819
331
2
218
312
553
513
491
70
629
250
930
550
270
825
799
504
698
658
112
641
246
922
134
863
43
47
559
679
945
139
686
359
883
587
283
800
542
727
168
523
983
594
305
269
472
936
711
757
655
47
625
154
468
479
39
769
428
27
781
387
254
561
937
686
218
574
137
786
713
906
523
428
573
907
315
879
510
462
506
862
397
520
1
574
721
306
995
904
755
3
383
156
216
975
106
601
236
829
680
762
869
511
435
130
835
699
946
304
857
230
423
341
160
39
117
850
345
257
515
719
597
907
290
351
35
282
647
103
396
766
525
348
407
705
506
996
876
116
436
108
407
636
88
865
580
321
799
539
473
943
350
867
364
334
848
686
289
676
898
425
736
107
794
124
954
700
293
155
814
442
644
319
724
676
722
596
372
386
381
283
972
569
950
216
525
721
15
70
136
859
760
974
363
144
413
974
954
13
8
134
35
59
326
813
210
715
745
522
446
678
466
592
822
66
96
425
956
136
569
27
260
746
276
631
296
235
281
694
356
807
454
478
88
689
447
235
144
963
896
953
284
744
386
972
748
990
664
554
476
495
228
585
432
6
163
955
900
542
346
816
171
390
740
858
330
761
497
179
911
515
820
930
115
261
169
661
818
537
377
753
171
577
379
676
488
802
193
675
492
22
804
344
211
447
517
444
195
111
450
42
709
676
456
283
888
321
363
358
466
152
112
87
372
4
306
536
953
122
705
750
594
63
12
706
105
292
870
592
696
687
68
4
502
156
898
592
845
528
501
666
731
310
592
474
706
698
150
378
150
34
960
942
835
845
652
970
897
291
859
699
133
300
205
565
493
606
755
732
615
246
473
783
846
303
526
734
698
624
537
300
724
863
746
839
971
171
434
628
573
648
416
224
974
788
104
866
158
366
698
284
210
654
13
184
873
87
486
574
321
825
769
123
54
420
362
462
14
22
449
477
12
637
8
428
6
865
690
317
85
216
329
627
746
661
564
968
224
483
579
999
913
499
321
628
560
509
493
655
784
226
781
399
423
824
839
683
363
632
213
724
672
569
757
550
330
975
370
149
269
254
570
868
999
496
437
193
775
950
343
957
452
387
58
559
460
644
523
200
352
124
887
137
144
132
393
488
80
976
251
706
854
260
791
250
527
325
153
256
134
4
195
76
88
101
84
17
655
918
454
464
32
979
466
73
219
14
147
334
175
451
299
827
183
66
742
149
893
934
465
219
297
834
350
434
319
427
175
106
202
673
733
894
433
383
284
521
196
481
252
115
114
429
207
860
75
619
130
263
741
934
58
423
541
556
188
248
348
186
520
468
44
657
603
30
157
733
824
83
96
683
979
60
127
282
922
208
727
107
527
775
11
259
750
217
270
791
552
756
852
622
242
269
918
994
141
317
857
392
634
437
714
208
434
421
832
870
119
293
245
926
187
623
298
959
987
251
599
94
559
730
932
483
249
599
494
456
295
871
761
46
767
105
830
362
950
33
2
901
228
750
508
601
880
291
224
439
100
715
172
429
189
309
14
876
969
631
936
656
44
551
697
857
569
125
393
887
162
340
521
146
453
583
621
111
251
848
295
886
725
140
233
392
133
546
447
839
630
394
191
557
97
722
413
982
414
100
743
850
315
747
497
410
588
484
414
692
599
898
245
970
826
609
692
716
188
852
579
974
428
402
15
20
410
851
929
17
889
145
810
511
669
194
630
409
174
881
827
933
417
268
268
901
928
376
846
764
253
920
118
157
536
973
420
551
946
447
353
614
870
210
473
667
723
708
676
51
48
154
791
637
597
186
105
356
953
580
829
476
173
602
556
778
349
870
451
148
614
410
24
32
353
650
765
185
250
422