22
500
230
225
237
163
716
15
626
285
173
739
955
594
325
873
382
268
704
292
164
776
847
663
620
702
144
852
657
204
424
377
994
816
16
987
222
444
25
450
593
804
782
244
408
27
85
789
253
835
761
444
383
324
439
361
858
380
698
91
406
908
357
974
567
363
389
625
32
3
665
821
996
969
998
898
147
787
675
924
997
306
934
482
894
31
986
911
638
50
606
417
611
397
986
63
590
727
120
480
135
228
237
951
270
74
99
794
703
558
748
433
905
285
573
75
811
807
213
564
939
141
128
932
413
939
404
281
732
217
799
500
440
507
203
225
900
512
759
416
642
224
44
856
134
727
465
171
572
782
915
437
839
560
36
750
262
530
406
47
29
684
45
337
358
116
182
233
713
378
96
495
127
205
814
950
383
644
149
550
308
986
1000
653
555
520
390
100
860
566
589
541
540
661
773
794
589
75
715
705
259
449
568
157
675
218
926
190
330
553
247
455
839
725
897
376
70
393
682
618
338
516
740
712
134
927
884
413
617
164
781
208
164
836
348
412
120
945
712
164
41
434
9
403
601
453
522
74
522
886
579
371
12
974
887
98
111
559
55
996
278
795
17
319
224
141
257
113
716
191
905
692
920
674
352
126
78
452
909
616
660
420
335
268
270
905
179
297
914
928
600
444
688
676
338
676
772
392
737
607
922
352
797
611
100
470
224
452
858
64
280
300
719
358
144
122
661
97
531
633
612
775
796
360
540
348
724
578
532
146
769
572
774
144
543
156
9
377
469
801
210
676
303
189
168
737
412
574
187
731
699
652
817
768
623
22
756
677
244
141
291
998
340
474
852
876
99
955
795
560
307
80
281
195
733
140
67
720
133
687
510
697
472
424
852
6
501
936
870
932
589
498
823
921
96
214
232
214
246
861
461
22
902
550
803
347
310
911
348
976
128
199
521
440
398
768
122
957
26
187
461
293
372
836
617
63
544
932
318
796
891
556
804
168
786
31
436
151
495
721
414
948
577
284
655
29
111
233
783
818
473
131
261
460
468
247
168
19
607
399
619
144
870
951
43
585
891
671
616
467
939
710
606
641
220
32
639
266
610
710
966
937
712
635
970
350
657
359
358
810
403
877
977
263
916
823
919
638
212
873
971
834