31
1000
627
743
889
470
110
434
191
805
200
802
219
66
807
353
440
735
597
401
133
498
779
963
236
106
173
615
305
414
737
194
388
517
621
790
422
944
837
755
236
355
366
451
99
66
570
259
664
128
296
606
882
291
863
860
639
404
735
687
647
994
788
678
425
949
944
250
353
720
347
381
178
241
513
563
5
26
977
657
590
41
278
362
752
733
52
481
245
463
936
80
899
976
564
855
590
705
774
816
534
396
787
422
901
170
365
494
719
839
231
910
630
871
497
147
746
12
357
254
705
575
532
222
504
723
637
689
758
410
923
67
361
967
362
209
192
707
854
416
468
35
121
47
540
310
799
923
403
516
678
288
272
897
479
365
450
505
724
752
382
702
453
513
943
829
363
883
280
911
592
636
361
483
953
886
499
873
618
478
322
241
620
730
366
705
133
760
646
725
468
209
898
921
743
156
194
922
995
927
529
427
783
16
800
148
454
169
224
924
815
90
584
183
842
177
806
10
802
68
470
555
505
951
61
214
901
233
56
66
941
17
302
731
455
950
582
920
866
267
231
612
178
433
450
426
125
823
350
545
825
781
584
295
872
62
588
762
866
588
932
201
797
117
228
658
667
859
568
93
185
321
187
653
575
825
365
342
560
906
719
345
64
711
150
597
525
659
34
576
723
456
138
708
824
184
742
796
449
426
977
549
599
310
713
378
778
356
811
839
920
421
480
407
745
661
78
137
442
945
852
957
781
187
743
445
689
300
570
510
3
49
965
782
705
478
564
575
471
766
82
833
40
357
275
294
834
293
379
375
14
700
334
172
674
127
709
465
885
759
2
644
351
794
176
90
226
413
969
353
689
341
949
768
28
797
148
411
53
41
729
411
650
929
324
554
295
153
322
924
711
405
890
577
591
754
278
847
863
296
756
332
798
171
361
897
953
425
177
394
431
766
669
465
332
882
633
355
224
844
432
58
244
401
551
130
136
781
68
407
403
393
169
619
192
925
224
310
594
365
996
646
204
751
241
158
976
765
706
242
153
174
61
80
446
543
549
170
86
390
908
624
443
375
179
171
189
575
567
548
324
422
178
403
832
306
459
284
80
294
42
923
406
377
100
432
620
939
296
366
53
458
740
709
538
387
599
63
991
853
547
792
809
951
910
998
839
841
894
464
370
103
334
339
155
338
554
543
63
769
275
233
297
902
127
162
852
323
520
724
195
498
71
332
384
20
765
482
597
961
462
638
842
142
194
574
971
325
233
714
5
822
323
736
606
979
521
66
350
482
611
205
373
995
327
685
643
369
234
85
694
734
391
658
507
374
58
463
540
958
343
315
394
221
11
646
263
232
510
139
427
196
852
583
842
636
871
224
822
363
947
688
949
563
789
505
361
580
865
906
1000
104
54
960
785
355
904
472
506
96
42
328
272
614
662
933
507
241
323
911
477
869
242
665
256
894
397
709
825
834
731
116
341
952
252
203
910
514
326
369
730
966
226
349
648
795
822
492
495
798
976
448
517
539
651
380
473
385
881
699
222
366
342
401
941
194
748
698
230
88
480
678
242
719
161
758
183
263
840
800
721
294
656
517
722
834
164
692
798
993
263
296
437
572
924
996
293
962
258
231
980
297
491
570
639
679
290
679
322
222
999
507
429
102
505
556
23
277
503
486
481
929
50
942
793
222
410
194
393
947
19
384
444
647
259
138
445
913
787
235
172
173
376
692
974
626
598
511
624
808
840
845
319
47
742
275
519
722
771
406
253
203
105
199
611
824
364
538
545
811
976
528
922
359
71
13
274
558
651
828
65
775
932
198
68
469
287
537
785
259
596
877
269
604
282
882
685
351
545
573
877
39
747
721
967
984
648
194
315
157
756
70
351
615
927
868
644
872
130
926
334
358
673
978
637
995
129
211
996
688
638
744
222
730
649
970
832
245
70
297
814
84
254
824
854
635
189
948
715
604
633
428
319
269
389
858
105
571
178
688
590
752
569
214
487
159
671
520
111
312
917
491
880
143
635
840
689
263
17
465
541
396
266
705
42
174
621
376
125
554
921
524
615
218
964
819
606
244
64
229
731
432
507
502
451
154
233
553
460
216
568
632
926
30
456
295
659
869
901
281
44
730
402
587
866
194
124
180
470
771
88
622
869
318
402
846
468
569
347
326
587
889
373
573
697
180
799
148
661
204
312
81
460
936
569
136
307
84
556
853
530
25
147
775
555
784
14
326
279
455
693
253
596
742
302
115
484
867
699
83
804
369
611
859
31
535
747
105
983
469
625
993