31
1000
732
335
788
718
649
359
145
965
829
351
905
843
870
900
383
282
883
189
309
90
349
44
60
748
797
919
50
121
308
606
726
105
1
912
858
39
147
878
54
89
467
721
709
230
452
863
350
616
730
640
745
578
548
439
532
811
320
244
42
647
610
374
367
102
800
493
218
190
357
254
822
748
176
688
351
240
272
20
118
302
926
601
337
585
47
965
122
226
445
543
930
302
361
185
834
613
527
228
62
439
645
219
886
801
361
34
3
469
791
751
562
824
500
518
575
172
474
434
482
126
856
495
495
26
444
181
692
210
504
295
276
133
527
938
482
660
738
9
965
649
908
301
711
248
190
553
177
759
183
563
679
906
812
759
923
759
24
182
185
984
784
3
310
910
846
734
990
651
407
290
609
568
635
225
793
277
761
207
394
183
404
347
582
659
838
754
820
297
600
494
308
963
715
252
730
109
574
91
397
431
268
864
211
246
393
791
907
257
457
548
830
222
229
199
386
212
667
525
309
356
416
955
787
609
213
470
763
702
388
510
60
942
645
737
480
951
289
691
754
600
74
251
417
553
797
385
185
618
245
980
802
236
117
416
591
955
858
972
38
893
571
154
767
764
846
271
378
655
840
946
577
183
360
33
728
525
976
583
565
953
593
146
327
693
643
169
831
135
46
275
509
878
215
59
561
940
706
591
351
498
729
63
166
905
438
58
205
228
419
252
234
267
779
229
465
987
188
411
717
137
852
351
222
165
117
373
927
627
407
973
842
44
784
910
67
403
674
738
142
468
985
845
45
687
39
735
490
98
294
457
438
700
122
372
723
462
545
805
564
852
807
52
47
321
570
28
916
49
983
45
758
727
375
245
506
639
553
221
424
806
293
183
37
749
210
862
906
885
237
805
989
452
184
914
299
525
730
300
630
46
752
678
728
259
536
912
397
248
757
587
750
123
108
218
383
720
786
576
446
270
280
668
318
654
524
697
640
396
597
586
597
151
210
691
227
298
984
330
57
29
511
340
632
181
487
820
792
439
860
679
724
805
667
299
579
7
296
734
612
75
662
842
901
503
642
318
352
754
492
568
3
42
378
878
42
233
995
755
555
1
117
983
750
526
636
912
911
899
424
260
577
812
849
257
841
490
866
563
132
374
687
604
638
293
524
323
200
753
955
851
549
960
65
147
817
77
982
798
535
717
312
361
277
404
411
634
318
782
991
400
452
793
781
605
111
103
735
919
575
66
524
198
322
712
300
705
746
630
198
609
662
305
500
559
371
871
271
89
735
740
357
607
307
305
451
364
618
110
752
264
82
552
585
154
445
646
778
563
724
829
711
374
881
356
128
683
280
762
994
475
658
307
992
989
101
505
141
351
739
510
500
217
604
192
70
219
403
614
199
758
931
839
366
720
372
802
31
801
606
927
87
394
984
92
147
230
638
124
390
625
629
459
621
5
659
748
344
603
448
515
975
38
459
62
230
243
707
198
999
725
787
219
154
485
584
630
460
718
434
576
714
998
892
319
384
361
490
714
178
664
471
849
29
918
664
967
531
323
777
940
250
514
745
307
216
229
92
962
246
120
669
32
157
19
662
641
185
905
198
468
272
741
125
805
887
348
167
639
514
325
602
585
838
325
590
761
525
856
465
575
660
409
292
680
268
307
301
403
308
560
649
735
183
918
438
3
463
194
690
136
702
172
676
761
917
554
261
211
419
601
458
943
531
213
337
812
283
898
78
401
692
347
73
312
91
952
381
846
571
861
383
711
396
436
721
255
828
901
514
931
696
516
44
310
96
800
178
272
29
108
756
608
367
895
840
794
807
6
583
179
589
504
793
705
855
154
510
976
567
153
674
575
648
533
275
385
69
982
98
848
94
646
44
371
479
397
636
352
311
668
399
829
498
433
564
888
547
617
334
623
546
4
791
210
502
889
322
316
679
578
261
136
714
187
778
127
586
596
888
200
191
14
427
121
430
922
844
194
437
21
422
473
913
640
503
791
366
339
207
826
202
225
376
476
278
663
961
8
650
423
569
172
76
305
261
498
117
48
766
129
208
610
826
745
696
849
885
484
909
88
515
95
234
743
269
64
494
255
78
73
5
257
793
2
26
432
569
61
379
583
876
987
489
621
605
268
211
773
837
636
614
914
461
744
395
128
570
304
877
501
21
919
853
687
382
933
748
999
948
805
156
779
404
442
347
609
20
77
53
54
691
138
534
255
167
153
137
767
721
872
551
656
641
373
551
341
330
800
406
451
442
183
652
695
713
836
323
450
131
425