31
1000
676
722
407
990
520
529
777
372
946
735
711
411
981
332
936
705
399
634
751
97
90
614
786
334
566
259
729
30
432
272
96
89
785
506
481
489
502
236
609
275
871
954
917
43
894
142
657
510
93
225
556
209
68
811
68
335
446
814
193
487
536
613
385
652
509
922
280
709
41
228
265
997
184
591
885
358
473
638
198
206
460
531
409
972
629
199
510
27
789
13
46
277
276
193
80
163
84
791
591
88
605
277
492
646
425
818
243
600
491
1000
197
982
968
468
481
839
434
839
423
81
133
404
115
428
96
218
858
644
2
564
869
501
823
140
183
641
557
470
124
741
471
696
383
18
709
48
952
351
622
461
929
915
323
247
972
288
345
563
283
59
931
103
435
464
154
492
725
363
58
160
402
281
938
859
467
821
383
338
203
918
725
143
505
29
948
666
381
757
994
24
462
363
691
922
590
885
858
553
595
743
747
260
155
720
351
84
547
907
786
47
980
129
844
152
203
372
434
48
467
863
776
310
952
441
406
922
899
744
124
799
717
794
667
62
298
342
554
663
916
633
257
387
33
541
542
37
426
428
698
646
680
506
94
320
101
232
543
250
429
325
307
643
63
191
840
162
275
487
544
129
802
779
114
25
477
172
711
889
99
48
447
440
970
10
353
170
49
821
300
336
359
784
812
87
132
627
100
75
99
967
636
453
88
116
743
319
444
364
452
904
217
596
207
610
380
731
468
265
575
755
223
886
711
637
434
298
153
33
236
318
620
139
307
95
443
952
502
815
354
223
921
822
905
245
181
328
386
417
91
887
251
399
421
1
33
976
50
309
681
222
156
367
620
709
24
3
494
788
753
262
763
731
80
552
559
175
541
565
312
441
19
658
331
573
307
421
447
381
175
78
514
341
632
306
478
386
159
982
399
652
765
312
835
899
944
616
735
629
498
294
722
669
903
214
753
335
683
366
183
912
757
544
533
747
444
370
789
542
357
787
231
123
102
896
615
122
714
69
532
228
969
927
469
618
963
989
129
484
74
679
699
797
489
623
153
452
916
701
792
254
293
998
829
646
632
300
234
942
492
296
963
431
855
852
604
189
652
581
849
822
932
454
297
609
870
160
816
171
556
693
968
540
876
436
915
808
863
790
848
402
162
703
519
963
614
984
722
328
94
561
619
273
140
365
268
78
217
974
95
708
920
742
58
557
429
479
102
206
951
59
453
818
782
285
597
979
571
880
917
688
52
278
851
474
160
24
584
345
885
349
609
52
803
702
123
582
204
638
993
811
739
758
261
737
999
486
729
956
346
272
585
858
322
887
527
909
595
213
537
15
494
673
835
823
787
671
837
537
46
834
866
92
177
365
940
605
526
191
598
25
775
52
80
528
188
944
209
877
920
422
508
418
201
575
33
768
866
207
790
316
566
721
42
413
595
322
487
785
137
643
273
455
254
976
807
296
415
821
765
599
285
464
923
559
137
154
766
92
197
215
233
753
529
638
496
872
591
866
16
769
428
614
886
858
683
631
339
44
543
923
537
502
300
911
812
155
139
118
247
534
352
862
18
694
450
669
550
388
247
889
301
969
249
740
865
725
665
718
671
610
830
188
94
759
130
839
954
648
290
608
512
987
968
159
934
597
758
106
753
83
368
666
409
765
295
810
205
100
366
537
510
84
99
287
619
485
459
107
345
787
162
163
125
398
975
29
743
348
1000
234
852
569
166
795
144
953
567
867
126
820
436
844
351
344
863
501
346
301
404
537
837
121
872
307
121
492
98
949
459
309
780
72
644
131
677
822
647
449
655
971
882
945
321
618
571
513
776
956
560
258
247
379
387
645
719
460
72
440
228
707
373
118
799
480
277
909
209
904
736
393
427
367
707
166
855
88
87
818
306
591
321
369
48
37
421
482
756
651
336
871
547
91
377
426
692
815
314
522
814
748
417
101
398
713
461
887
243
482
216
217
776
602
16
205
149
213
465
254
290
483
883
236
98
864
283
788
495
424
16
159
384
176
125
825
244
80
766
97
457
572
80
57
478
562
186
99
193
221
234
995
502
552
261
236
52
687
135
154
613
623
731
639
827
190
191
361
266
885
528
968
885
650
813
381
776
241
818
822
327
979
804
951
106
135
732
938
615
548
873
439
706
641
390
111
458
443
294
705
883
14
967
375
699
703
74
107
707
654
85
347
645
401
971
917
541
362
346
379
429
843
342
703
208
800
638
850
235
267
467
77
323
878
329
851
7
912
955
486
867
314
327
550
909
227
907
864
968
560
443
915