31
1000
407
627
453
747
606
40
670
266
360
467
387
544
340
897
888
388
184
815
631
152
904
991
978
143
716
452
462
828
364
797
198
971
890
463
257
985
692
202
497
845
845
261
577
954
984
446
314
613
864
570
434
9
390
170
257
138
215
982
737
846
113
435
642
415
691
65
856
486
359
880
338
385
404
584
303
365
252
831
998
63
158
692
674
916
737
443
104
376
23
666
727
235
225
48
259
784
556
381
702
639
888
93
76
514
929
166
657
5
644
944
153
94
928
532
131
60
398
141
315
900
318
188
915
263
343
31
957
487
619
969
167
912
533
117
588
643
152
660
427
390
605
566
406
919
400
117
513
687
304
220
965
340
745
391
712
134
944
845
323
307
82
319
512
981
289
116
741
313
868
397
146
748
946
644
282
798
475
42
777
128
899
229
131
825
820
328
677
924
231
764
530
117
886
581
764
107
873
15
653
624
587
535
992
498
920
214
401
590
493
424
918
739
340
75
441
97
859
475
491
229
256
298
702
668
931
845
998
748
480
137
982
930
887
204
603
598
186
121
407
972
954
739
836
115
687
458
802
8
474
588
231
141
184
498
90
98
445
587
660
5
42
199
260
150
926
473
902
179
484
431
23
715
406
614
799
694
318
935
19
913
885
262
638
528
890
177
179
267
672
29
802
131
268
419
836
214
594
666
613
757
907
263
726
223
861
399
979
503
527
773
879
353
559
246
666
514
131
777
77
420
832
365
362
680
346
691
682
614
752
67
372
552
651
394
543
374
691
144
109
594
742
776
836
435
318
400
865
95
622
152
483
65
513
904
258
978
446
698
874
491
60
999
56
393
886
126
583
593
980
70
743
867
686
788
395
748
709
56
214
955
335
642
874
77
630
258
972
459
175
205
287
177
658
107
299
714
819
813
930
207
3
869
295
334
651
998
923
735
199
674
789
178
187
945
37
836
229
143
550
905
758
407
318
339
966
123
459
32
747
222
675
945
590
824
80
423
818
440
334
729
993
9
243
808
757
467
770
827
440
234
35
678
665
524
58
101
36
611
483
47
612
330
503
614
943
845
726
314
390
657
313
373
16
170
570
841
106
99
555
510
525
224
423
968
187
272
609
76
263
310
799
739
713
15
226
568
475
366
301
75
20
26
72
240
518
129
936
289
805
310
364
880
54
101
62
273
449
336
84
4
653
162
355
688
95
1000
519
811
103
744
209
182
47
73
518
21
744
586
615
509
826
542
722
485
136
757
453
951
158
959
466
304
89
873
267
35
161
217
259
36
957
14
343
79
139
801
487
305
682
120
869
599
702
809
537
483
7
988
198
413
303
17
197
605
270
816
436
958
308
623
650
502
914
294
650
123
637
886
865
888
280
624
45
180
76
299
269
147
959
61
175
862
591
842
162
222
249
874
304
22
435
461
711
638
130
730
237
676
352
957
878
781
61
686
572
777
881
766
145
428
580
677
979
208
722
527
228
744
630
917
645
56
122
351
855
704
336
871
798
775
369
785
987
220
951
478
460
96
72
760
714
359
386
960
294
398
573
643
408
158
18
811
486
6
334
529
526
711
666
921
256
816
3
454
835
498
329
948
755
990
822
516
515
763
764
266
708
932
987
370
586
13
423
529
119
909
898
80
871
351
827
243
272
588
58
848
795
963
534
699
803
480
509
686
665
802
960
246
930
909
1
449
214
896
794
387
437
794
699
799
183
646
990
755
208
381
651
60
687
82
67
992
218
864
508
739
856
880
904
673
858
143
970
19
631
652
278
372
106
511
756
459
18
245
849
507
534
616
865
285
387
28
181
207
731
28
836
950
155
698
778
351
2
749
722
340
889
677
961
666
836
970
665
998
379
698
438
680
53
378
737
711
554
676
870
412
498
294
908
307
687
347
376
772
861
731
670
344
370
598
206
487
605
477
519
230
455
129
18
653
144
461
478
359
896
126
259
579
4
772
717
303
1000
512
375
580
303
61
297
588
732
867
544
488
507
838
241
62
378
117
17
320
22
335
508
376
963
288
272
383
595
304
549
805
74
765
755
186
388
271
200
923
419
609
637
936
89
560
460
123
871
163
440
515
456
778
136
358
229
572
161
933
493
152
591
649
312
613
8
603
56
245
318
49
557
324
775
333
660
870
979
127
163
478
97
763
411
620
805
293
82
230
378
377
205
983
416
719
822
588
26
427
912
595
847
179
876
143
459
705
262
142
658
480
969
475
728
732
444
743
936
530
680
227
23
862
990
296
555
44
34
847
253
222
814
925
752
244
204
590