22
500
742
21
978
691
361
195
722
220
113
987
214
724
576
18
911
24
776
606
460
784
25
705
925
815
317
440
349
535
948
411
109
665
576
501
257
370
356
130
434
553
806
280
823
756
581
559
265
626
297
874
562
436
230
799
176
309
660
979
779
321
567
590
177
193
102
606
651
92
1
832
438
449
12
401
728
248
410
154
828
137
344
826
660
85
272
389
354
529
742
386
211
712
339
667
952
280
115
661
587
693
53
320
402
905
375
632
91
949
235
961
397
9
833
610
118
591
34
648
878
30
543
339
911
314
668
677
167
625
197
870
476
17
811
78
900
28
490
578
445
317
346
879
431
61
160
805
988
174
377
946
393
513
291
624
253
970
175
456
170
337
398
461
92
148
487
510
493
95
939
883
59
766
637
513
991
681
65
136
83
142
504
177
623
525
13
101
759
572
800
193
37
91
508
998
838
146
910
284
756
822
340
943
888
378
384
66
9
50
392
839
358
19
396
296
123
647
379
144
931
556
377
715
43
468
233
628
711
911
371
941
979
508
147
529
440
159
174
942
945
508
809
302
504
433
128
732
346
570
719
139
556
134
200
690
489
103
906
796
321
367
643
92
167
566
346
222
447
943
267
1
410
946
888
544
207
813
256
664
728
955
398
419
430
974
809
267
938
313
755
890
794
366
601
294
20
807
310
698
929
952
100
632
305
65
792
251
255
249
273
648
960
533
365
196
46
561
951
512
404
829
49
706
781
321
961
638
197
59
148
121
715
117
388
365
921
636
215
657
794
594
182
392
823
933
398
682
926
353
294
295
536
656
749
791
461
330
272
944
983
472
254
743
167
121
560
127
671
927
383
271
134
300
315
5
609
807
78
864
620
515
379
20
229
38
158
959
89
318
778
208
821
159
369
607
259
794
195
375
79
912
317
336
405
84
45
154
105
974
321
59
3
315
545
153
277
658
359
436
682
850
721
242
844
711
720
166
850
99
385
307
693
208
638
314
829
924
496
51
708
574
522
231
295
981
805
852
877
488
540
834
29
304
635
331
792
737
545
1000
776
479
511
526
964
646
844
143
305
594
854
236
614
292
863
976
852
822
354
840
704
869
584
183
503
437
364
838
869
468
583
985
865
100
992
716
696
372
740
428
437
632